2001	6601	0.72	0.5	
2001	6602	0.2	0.36	
2001	6603	0.8	0.51	
2001	6604	0.8	0.5	
2001	6605	0.8	0.46	
2001	6606	0.51	0.43	
2001	6607	0.8	0.49	
2001	6608	0.28	0.39	
2001	6609	0.61	0.44	
2001	6610	0.2	0.35	
2001	6611	0.8	0.51	
2001	6612	0.28	0.34	
2001	6613	0.61	0.48	
2001	6614	0.69	0.46	
2001	6615	0.8	0.48	
2001	6616	0.2	0.3	
2001	6617	0.2	0.31	
2001	6618	0.73	0.47	
2001	6619	0.35	0.39	
2001	6620	0.67	0.48	
2001	6621	0.25	0.455	
2001	6622	0.2	0.3	
2001	6623	0.29	0.44	
2001	6624	0.75	0.47	
2001	6625	0.48	0.44	
2001	6626	0.63	0.46	
2001	6627	0.75	0.48	
2001	6628	0.66	0.48	
2001	6629	0.62	0.44	
2001	6630	0.53	0.46	
2001	6631	0.76	0.51	
2001	6632	0.69	0.45	
2001	6633	0.45	0.44	
2001	6634	0.2	0.32	
2001	6635	0.32	0.41	
2001	6636	0.74	0.48	
2001	6637	0.8	0.51	
2001	6638	0.2	0.39	
2001	6639	0.76	0.48	
2001	6640	0.53	0.45	
2001	6641	0.37	0.38	
2001	6642	0.2	0.32	
2001	6643	0.77	0.5	
2001	6644	0.8	0.5	
2001	6645	0.6	0.4	
2002	6601	0.72	0.5	
2002	6602	0.2	0.36	
2002	6603	0.8	0.51	
2002	6604	0.8	0.5	
2002	6605	0.8	0.45	
2002	6606	0.57	0.43	
2002	6607	0.8	0.49	
2002	6608	0.28	0.39	
2002	6609	0.56	0.43	
2002	6610	0.2	0.35	
2002	6611	0.8	0.51	
2002	6612	0.27	0.34	
2002	6613	0.71	0.48	
2002	6614	0.69	0.46	
2002	6615	0.8	0.47	
2002	6616	0.2	0.3	
2002	6617	0.2	0.31	
2002	6618	0.73	0.47	
2002	6619	0.36	0.39	
2002	6620	0.62	0.48	
2002	6621	0.26	0.455	
2002	6622	0.2	0.3	
2002	6623	0.29	0.44	
2002	6624	0.8	0.47	
2002	6625	0.43	0.44	
2002	6626	0.73	0.46	
2002	6627	0.75	0.48	
2002	6628	0.65	0.48	
2002	6629	0.57	0.44	
2002	6630	0.52	0.46	
2002	6631	0.8	0.51	
2002	6632	0.71	0.45	
2002	6633	0.41	0.44	
2002	6634	0.2	0.32	
2002	6635	0.29	0.41	
2002	6636	0.75	0.48	
2002	6637	0.8	0.51	
2002	6638	0.2	0.39	
2002	6639	0.79	0.48	
2002	6640	0.58	0.44	
2002	6641	0.32	0.38	
2002	6642	0.2	0.32	
2002	6643	0.78	0.5	
2002	6644	0.8	0.5	
2002	6645	0.58	0.4	
2003	6601	0.74	0.5	
2003	6602	0.2	0.36	
2003	6603	0.8	0.51	
2003	6604	0.8	0.5	
2003	6605	0.8	0.43	
2003	6606	0.58	0.43	
2003	6607	0.8	0.48	
2003	6608	0.29	0.39	
2003	6609	0.58	0.43	
2003	6610	0.2	0.33	
2003	6611	0.8	0.51	
2003	6612	0.27	0.34	
2003	6613	0.75	0.48	
2003	6614	0.65	0.46	
2003	6615	0.8	0.46	
2003	6616	0.2	0.3	
2003	6617	0.2	0.31	
2003	6618	0.74	0.47	
2003	6619	0.34	0.39	
2003	6620	0.57	0.48	
2003	6621	0.26	0.455	
2003	6622	0.2	0.3	
2003	6623	0.3	0.44	
2003	6624	0.79	0.47	
2003	6625	0.52	0.44	
2003	6626	0.77	0.46	
2003	6627	0.77	0.48	
2003	6628	0.62	0.48	
2003	6629	0.52	0.42	
2003	6630	0.5	0.44	
2003	6631	0.8	0.505	
2003	6632	0.74	0.45	
2003	6633	0.41	0.44	
2003	6634	0.2	0.32	
2003	6635	0.28	0.41	
2003	6636	0.76	0.47	
2003	6637	0.8	0.51	
2003	6638	0.2	0.39	
2003	6639	0.79	0.46	
2003	6640	0.65	0.44	
2003	6641	0.29	0.38	
2003	6642	0.2	0.32	
2003	6643	0.8	0.5	
2003	6644	0.8	0.49	
2003	6645	0.57	0.4	
2004	6601	0.75	0.5	
2004	6602	0.2	0.35	
2004	6603	0.8	0.51	
2004	6604	0.8	0.5	
2004	6605	0.8	0.43	
2004	6606	0.68	0.43	
2004	6607	0.8	0.48	
2004	6608	0.29	0.39	
2004	6609	0.62	0.43	
2004	6610	0.25	0.33	
2004	6611	0.8	0.51	
2004	6612	0.27	0.34	
2004	6613	0.76	0.48	
2004	6614	0.67	0.46	
2004	6615	0.8	0.46	
2004	6616	0.2	0.3	
2004	6617	0.2	0.31	
2004	6618	0.75	0.47	
2004	6619	0.31	0.38	
2004	6620	0.6	0.48	
2004	6621	0.26	0.455	
2004	6622	0.2	0.3	
2004	6623	0.33	0.44	
2004	6624	0.74	0.47	
2004	6625	0.47	0.44	
2004	6626	0.72	0.46	
2004	6627	0.72	0.48	
2004	6628	0.57	0.48	
2004	6629	0.47	0.42	
2004	6630	0.48	0.45	
2004	6631	0.8	0.505	
2004	6632	0.74	0.45	
2004	6633	0.36	0.44	
2004	6634	0.26	0.32	
2004	6635	0.28	0.41	
2004	6636	0.74	0.47	
2004	6637	0.8	0.51	
2004	6638	0.2	0.39	
2004	6639	0.8	0.46	
2004	6640	0.6	0.44	
2004	6641	0.29	0.38	
2004	6642	0.2	0.32	
2004	6643	0.8	0.5	
2004	6644	0.8	0.49	
2004	6645	0.52	0.4	
2005	6601	0.76	0.5	
2005	6602	0.2	0.35	
2005	6603	0.8	0.51	
2005	6604	0.77	0.5	
2005	6605	0.75	0.43	
2005	6606	0.7	0.43	
2005	6607	0.8	0.48	
2005	6608	0.28	0.39	
2005	6609	0.72	0.43	
2005	6610	0.26	0.33	
2005	6611	0.8	0.51	
2005	6612	0.27	0.34	
2005	6613	0.71	0.46	
2005	6614	0.69	0.46	
2005	6615	0.8	0.46	
2005	6616	0.2	0.3	
2005	6617	0.2	0.31	
2005	6618	0.76	0.47	
2005	6619	0.29	0.37	
2005	6620	0.64	0.48	
2005	6621	0.26	0.455	
2005	6622	0.2	0.3	
2005	6623	0.35	0.44	
2005	6624	0.69	0.47	
2005	6625	0.42	0.44	
2005	6626	0.67	0.46	
2005	6627	0.73	0.48	
2005	6628	0.57	0.48	
2005	6629	0.51	0.42	
2005	6630	0.45	0.45	
2005	6631	0.8	0.505	
2005	6632	0.79	0.45	
2005	6633	0.35	0.44	
2005	6634	0.27	0.32	
2005	6635	0.28	0.41	
2005	6636	0.72	0.47	
2005	6637	0.8	0.51	
2005	6638	0.2	0.39	
2005	6639	0.8	0.46	
2005	6640	0.56	0.44	
2005	6641	0.29	0.4	
2005	6642	0.2	0.32	
2005	6643	0.8	0.5	
2005	6644	0.8	0.49	
2005	6645	0.48	0.4	
2006	6601	0.71	0.5	
2006	6602	0.2	0.34	
2006	6603	0.8	0.51	
2006	6604	0.8	0.5	
2006	6605	0.71	0.42	
2006	6606	0.7	0.43	
2006	6607	0.78	0.48	
2006	6608	0.28	0.39	
2006	6609	0.69	0.43	
2006	6610	0.27	0.33	
2006	6611	0.8	0.51	
2006	6612	0.28	0.34	
2006	6613	0.68	0.46	
2006	6614	0.71	0.46	
2006	6615	0.8	0.46	
2006	6616	0.2	0.3	
2006	6617	0.2	0.31	
2006	6618	0.75	0.47	
2006	6619	0.28	0.36	
2006	6620	0.68	0.48	
2006	6621	0.26	0.455	
2006	6622	0.2	0.3	
2006	6623	0.3	0.44	
2006	6624	0.64	0.47	
2006	6625	0.44	0.44	
2006	6626	0.62	0.46	
2006	6627	0.76	0.48	
2006	6628	0.61	0.48	
2006	6629	0.64	0.42	
2006	6630	0.41	0.45	
2006	6631	0.8	0.505	
2006	6632	0.74	0.43	
2006	6633	0.3	0.44	
2006	6634	0.28	0.32	
2006	6635	0.28	0.41	
2006	6636	0.74	0.47	
2006	6637	0.8	0.51	
2006	6638	0.2	0.39	
2006	6639	0.78	0.46	
2006	6640	0.51	0.44	
2006	6641	0.39	0.4	
2006	6642	0.2	0.32	
2006	6643	0.8	0.5	
2006	6644	0.8	0.49	
2006	6645	0.47	0.4	
2007	6601	0.74	0.5	
2007	6602	0.2	0.34	
2007	6603	0.8	0.51	
2007	6604	0.8	0.5	
2007	6605	0.72	0.42	
2007	6606	0.67	0.43	
2007	6607	0.78	0.48	
2007	6608	0.29	0.39	
2007	6609	0.64	0.43	
2007	6610	0.22	0.33	
2007	6611	0.8	0.51	
2007	6612	0.27	0.34	
2007	6613	0.66	0.46	
2007	6614	0.66	0.44	
2007	6615	0.8	0.46	
2007	6616	0.2	0.3	
2007	6617	0.2	0.31	
2007	6618	0.77	0.47	
2007	6619	0.29	0.35	
2007	6620	0.72	0.48	
2007	6621	0.26	0.455	
2007	6622	0.2	0.3	
2007	6623	0.29	0.44	
2007	6624	0.59	0.47	
2007	6625	0.58	0.42	
2007	6626	0.6	0.44	
2007	6627	0.8	0.48	
2007	6628	0.63	0.48	
2007	6629	0.63	0.42	
2007	6630	0.37	0.45	
2007	6631	0.8	0.505	
2007	6632	0.69	0.43	
2007	6633	0.29	0.44	
2007	6634	0.27	0.32	
2007	6635	0.28	0.41	
2007	6636	0.75	0.47	
2007	6637	0.8	0.51	
2007	6638	0.2	0.39	
2007	6639	0.74	0.46	
2007	6640	0.46	0.44	
2007	6641	0.43	0.4	
2007	6642	0.2	0.31	
2007	6643	0.79	0.5	
2007	6644	0.8	0.49	
2007	6645	0.5	0.4	
2008	6601	0.79	0.5	
2008	6602	0.2	0.34	
2008	6603	0.8	0.51	
2008	6604	0.8	0.5	
2008	6605	0.74	0.41	
2008	6606	0.65	0.43	
2008	6607	0.78	0.48	
2008	6608	0.29	0.39	
2008	6609	0.59	0.41	
2008	6610	0.25	0.33	
2008	6611	0.8	0.51	
2008	6612	0.27	0.34	
2008	6613	0.68	0.46	
2008	6614	0.61	0.44	
2008	6615	0.8	0.46	
2008	6616	0.2	0.3	
2008	6617	0.2	0.31	
2008	6618	0.8	0.47	
2008	6619	0.28	0.35	
2008	6620	0.75	0.48	
2008	6621	0.26	0.455	
2008	6622	0.2	0.25	
2008	6623	0.33	0.44	
2008	6624	0.54	0.47	
2008	6625	0.73	0.42	
2008	6626	0.68	0.44	
2008	6627	0.8	0.48	
2008	6628	0.66	0.48	
2008	6629	0.65	0.42	
2008	6630	0.37	0.45	
2008	6631	0.8	0.505	
2008	6632	0.64	0.43	
2008	6633	0.29	0.44	
2008	6634	0.27	0.32	
2008	6635	0.28	0.39	
2008	6636	0.77	0.47	
2008	6637	0.8	0.51	
2008	6638	0.25	0.39	
2008	6639	0.73	0.46	
2008	6640	0.5	0.44	
2008	6641	0.45	0.4	
2008	6642	0.2	0.31	
2008	6643	0.8	0.5	
2008	6644	0.8	0.49	
2008	6645	0.53	0.39	
2009	6601	0.8	0.5	
2009	6602	0.2	0.33	
2009	6603	0.8	0.51	
2009	6604	0.8	0.5	
2009	6605	0.77	0.4	
2009	6606	0.68	0.43	
2009	6607	0.78	0.48	
2009	6608	0.29	0.39	
2009	6609	0.58	0.41	
2009	6610	0.2	0.33	
2009	6611	0.8	0.51	
2009	6612	0.27	0.34	
2009	6613	0.7	0.46	
2009	6614	0.57	0.44	
2009	6615	0.79	0.46	
2009	6616	0.2	0.3	
2009	6617	0.2	0.31	
2009	6618	0.8	0.47	
2009	6619	0.28	0.35	
2009	6620	0.73	0.48	
2009	6621	0.26	0.455	
2009	6622	0.2	0.25	
2009	6623	0.44	0.44	
2009	6624	0.55	0.47	
2009	6625	0.68	0.42	
2009	6626	0.71	0.44	
2009	6627	0.77	0.46	
2009	6628	0.63	0.47	
2009	6629	0.65	0.42	
2009	6630	0.38	0.45	
2009	6631	0.8	0.505	
2009	6632	0.63	0.43	
2009	6633	0.29	0.4	
2009	6634	0.26	0.32	
2009	6635	0.28	0.39	
2009	6636	0.74	0.46	
2009	6637	0.8	0.51	
2009	6638	0.25	0.39	
2009	6639	0.75	0.46	
2009	6640	0.56	0.44	
2009	6641	0.43	0.4	
2009	6642	0.2	0.31	
2009	6643	0.8	0.5	
2009	6644	0.8	0.49	
2009	6645	0.54	0.39	
2010	6601	0.8	0.5	
2010	6602	0.2	0.33	
2010	6603	0.8	0.51	
2010	6604	0.8	0.5	
2010	6605	0.74	0.4	
2010	6606	0.65	0.43	
2010	6607	0.79	0.48	
2010	6608	0.27	0.39	
2010	6609	0.53	0.41	
2010	6610	0.2	0.33	
2010	6611	0.8	0.51	
2010	6612	0.26	0.34	
2010	6613	0.73	0.46	
2010	6614	0.58	0.44	
2010	6615	0.80	0.46	
2010	6616	0.2	0.3	
2010	6617	0.2	0.31	
2010	6618	0.8	0.47	
2010	6619	0.26	0.35	
2010	6620	0.72	0.48	
2010	6621	0.27	0.455	
2010	6622	0.2	0.25	
2010	6623	0.42	0.44	
2010	6624	0.61	0.47	
2010	6625	0.63	0.42	
2010	6626	0.72	0.44	
2010	6627	0.77	0.46	
2010	6628	0.62	0.47	
2010	6629	0.6	0.42	
2010	6630	0.4	0.45	
2010	6631	0.8	0.505	
2010	6632	0.62	0.43	
2010	6633	0.29	0.4	
2010	6634	0.21	0.32	
2010	6635	0.28	0.39	
2010	6636	0.71	0.46	
2010	6637	0.8	0.51	
2010	6638	0.26	0.39	
2010	6639	0.8	0.46	
2010	6640	0.62	0.44	
2010	6641	0.38	0.4	
2010	6642	0.2	0.31	
2010	6643	0.8	0.5	
2010	6644	0.8	0.49	
2010	6645	0.49	0.39	
2011	6601	0.8	0.5	
2011	6602	0.2	0.33	
2011	6603	0.8	0.51	
2011	6604	0.8	0.5	
2011	6605	0.74	0.4	
2011	6606	0.65	0.43	
2011	6607	0.79	0.48	
2011	6608	0.27	0.39	
2011	6609	0.53	0.41	
2011	6610	0.2	0.33	
2011	6611	0.8	0.51	
2011	6612	0.26	0.34	
2011	6613	0.73	0.46	
2011	6614	0.58	0.44	
2011	6615	0.80	0.46	
2011	6616	0.2	0.3	
2011	6617	0.2	0.31	
2011	6618	0.8	0.47	
2011	6619	0.26	0.35	
2011	6620	0.72	0.48	
2011	6621	0.27	0.455	
2011	6622	0.2	0.25	
2011	6623	0.42	0.44	
2011	6624	0.61	0.47	
2011	6625	0.63	0.42	
2011	6626	0.72	0.44	
2011	6627	0.77	0.46	
2011	6628	0.62	0.47	
2011	6629	0.6	0.42	
2011	6630	0.4	0.45	
2011	6631	0.8	0.505	
2011	6632	0.62	0.43	
2011	6633	0.29	0.4	
2011	6634	0.21	0.32	
2011	6635	0.28	0.39	
2011	6636	0.71	0.46	
2011	6637	0.8	0.51	
2011	6638	0.26	0.39	
2011	6639	0.8	0.46	
2011	6640	0.62	0.44	
2011	6641	0.38	0.4	
2011	6642	0.2	0.31	
2011	6643	0.8	0.5	
2011	6644	0.8	0.49	
2011	6645	0.49	0.39	
2012	6601	0.8	0.5	
2012	6602	0.2	0.33	
2012	6603	0.8	0.51	
2012	6604	0.8	0.5	
2012	6605	0.74	0.4	
2012	6606	0.65	0.43	
2012	6607	0.79	0.48	
2012	6608	0.27	0.39	
2012	6609	0.53	0.41	
2012	6610	0.2	0.33	
2012	6611	0.8	0.51	
2012	6612	0.26	0.34	
2012	6613	0.73	0.46	
2012	6614	0.58	0.44	
2012	6615	0.80	0.46	
2012	6616	0.2	0.3	
2012	6617	0.2	0.31	
2012	6618	0.8	0.47	
2012	6619	0.26	0.35	
2012	6620	0.72	0.48	
2012	6621	0.27	0.455	
2012	6622	0.2	0.25	
2012	6623	0.42	0.44	
2012	6624	0.61	0.47	
2012	6625	0.63	0.42	
2012	6626	0.72	0.44	
2012	6627	0.77	0.46	
2012	6628	0.62	0.47	
2012	6629	0.6	0.42	
2012	6630	0.4	0.45	
2012	6631	0.8	0.505	
2012	6632	0.62	0.43	
2012	6633	0.29	0.4	
2012	6634	0.21	0.32	
2012	6635	0.28	0.39	
2012	6636	0.71	0.46	
2012	6637	0.8	0.51	
2012	6638	0.26	0.39	
2012	6639	0.8	0.46	
2012	6640	0.62	0.44	
2012	6641	0.38	0.4	
2012	6642	0.2	0.31	
2012	6643	0.8	0.5	
2012	6644	0.8	0.49	
2012	6645	0.49	0.39	
2013	6601	0.8	0.5	
2013	6602	0.2	0.33	
2013	6603	0.8	0.51	
2013	6604	0.8	0.5	
2013	6605	0.74	0.4	
2013	6606	0.65	0.43	
2013	6607	0.79	0.48	
2013	6608	0.27	0.39	
2013	6609	0.53	0.41	
2013	6610	0.2	0.33	
2013	6611	0.8	0.51	
2013	6612	0.26	0.34	
2013	6613	0.73	0.46	
2013	6614	0.58	0.44	
2013	6615	0.80	0.46	
2013	6616	0.2	0.3	
2013	6617	0.2	0.31	
2013	6618	0.8	0.47	
2013	6619	0.26	0.35	
2013	6620	0.72	0.48	
2013	6621	0.2	0.439	
2013	6622	0.2	0.25	
2013	6623	0.42	0.44	
2013	6624	0.61	0.47	
2013	6625	0.63	0.42	
2013	6626	0.72	0.44	
2013	6627	0.77	0.46	
2013	6628	0.62	0.47	
2013	6629	0.6	0.42	
2013	6630	0.4	0.45	
2013	6631	0.8	0.505	
2013	6632	0.62	0.43	
2013	6633	0.29	0.4	
2013	6634	0.21	0.32	
2013	6635	0.28	0.39	
2013	6636	0.71	0.46	
2013	6637	0.8	0.51	
2013	6638	0.26	0.39	
2013	6639	0.8	0.46	
2013	6640	0.62	0.44	
2013	6641	0.38	0.4	
2013	6642	0.2	0.31	
2013	6643	0.8	0.5	
2013	6644	0.8	0.49	
2013	6645	0.49	0.39	
2014	6601	0.80	0.50
2014	6602	0.26	0.33
2014	6603	0.80	0.51
2014	6604	0.80	0.50
2014	6605	0.75	0.41
2014	6606	0.50	0.42
2014	6607	0.80	0.48
2014	6608	0.25	0.39
2014	6609	0.65	0.43
2014	6610	0.27	0.33
2014	6611	0.80	0.51
2014	6612	0.26	0.34
2014	6613	0.69	0.46
2014	6614	0.57	0.44
2014	6615	0.80	0.46
2014	6616	0.20	0.30
2014	6617	0.20	0.31
2014	6618	0.78	0.47
2014	6619	0.28	0.35
2014	6620	0.79	0.48
2014	6621	0.27	0.455
2014	6622	0.20	0.25
2014	6623	0.45	0.44
2014	6624	0.73	0.46
2014	6625	0.46	0.42
2014	6626	0.52	0.40
2014	6627	0.67	0.44
2014	6628	0.56	0.47
2014	6629	0.68	0.42
2014	6630	0.32	0.43
2014	6631	0.80	0.505
2014	6632	0.57	0.43
2014	6633	0.21	0.36
2014	6634	0.20	0.32
2014	6635	0.41	0.41
2014	6636	0.77	0.46
2014	6637	0.68	0.42
2014	6638	0.27	0.39
2014	6639	0.80	0.46
2014	6640	0.52	0.44
2014	6641	0.62	0.40
2014	6642	0.20	0.31
2014	6643	0.80	0.50
2014	6644	0.80	0.47
2014	6645	0.40	0.38
2015	6601	0.80	0.50
2015	6602	0.25	0.33
2015	6603	0.80	0.51
2015	6604	0.80	0.50
2015	6605	0.77	0.41
2015	6606	0.45	0.41
2015	6607	0.80	0.48
2015	6608	0.26	0.39
2015	6609	0.80	0.43
2015	6610	0.28	0.33
2015	6611	0.80	0.51
2015	6612	0.25	0.34
2015	6613	0.72	0.46
2015	6614	0.58	0.44
2015	6615	0.80	0.46
2015	6616	0.20	0.30
2015	6617	0.20	0.31
2015	6618	0.80	0.47
2015	6619	0.28	0.35
2015	6620	0.80	0.48
2015	6621	0.27	0.455
2015	6622	0.20	0.25
2015	6623	0.42	0.44
2015	6624	0.68	0.46
2015	6625	0.53	0.42
2015	6626	0.47	0.40
2015	6627	0.63	0.44
2015	6628	0.55	0.47
2015	6629	0.69	0.42
2015	6630	0.38	0.43
2015	6631	0.80	0.505
2015	6632	0.55	0.43
2015	6633	0.20	0.36
2015	6634	0.26	0.32
2015	6635	0.36	0.41
2015	6636	0.79	0.46
2015	6637	0.63	0.40
2015	6638	0.28	0.39
2015	6639	0.80	0.46
2015	6640	0.54	0.44
2015	6641	0.68	0.40
2015	6642	0.20	0.31
2015	6643	0.78	0.50
2015	6644	0.79	0.455
2015	6645	0.42	0.38
2016	6604	0.80	0.50
2016	6601	0.80	0.50
2016	6602	0.20	0.33
2016	6603	0.80	0.51
2016	6605	0.78	0.43
2016	6606	0.40	0.41
2016	6607	0.80	0.48
2016	6608	0.26	0.39
2016	6609	0.80	0.43
2016	6610	0.27	0.33
2016	6611	0.80	0.51
2016	6612	0.25	0.34
2016	6613	0.75	0.46
2016	6614	0.53	0.44
2016	6615	0.80	0.46
2016	6616	0.20	0.30
2016	6617	0.20	0.31
2016	6618	0.80	0.47
2016	6619	0.29	0.35
2016	6620	0.80	0.48
2016	6621	0.28	0.455
2016	6622	0.20	0.25
2016	6623	0.45	0.44
2016	6624	0.74	0.46
2016	6625	0.64	0.42
2016	6626	0.50	0.40
2016	6627	0.59	0.44
2016	6628	0.57	0.47
2016	6629	0.76	0.42
2016	6630	0.42	0.44
2016	6631	0.80	0.505
2016	6632	0.54	0.43
2016	6633	0.20	0.36
2016	6634	0.27	0.32
2016	6635	0.31	0.41
2016	6636	0.77	0.46
2016	6637	0.58	0.40
2016	6638	0.28	0.39
2016	6639	0.80	0.46
2016	6640	0.59	0.44
2016	6641	0.63	0.40
2016	6642	0.20	0.31
2016	6643	0.78	0.50
2016	6644	0.79	0.455
2016	6645	0.46	0.38
2017	6607	0.80	0.48
2017	6604	0.80	0.50
2017	6605	0.78	0.43
2017	6610	0.27	0.33
2017	6606	0.40	0.41
2017	6608	0.26	0.39
2017	6609	0.80	0.43
2017	6612	0.25	0.34
2017	6613	0.75	0.46
2017	6614	0.53	0.44
2017	6615	0.80	0.46
2017	6616	0.20	0.30
2017	6601	0.80	0.50
2017	6602	0.20	0.33
2017	6603	0.80	0.51
2017	6617	0.20	0.31
2017	6618	0.80	0.47
2017	6619	0.29	0.35
2017	6620	0.80	0.48
2017	6621	0.28	0.455
2017	6622	0.20	0.25
2017	6623	0.45	0.44
2017	6624	0.74	0.46
2017	6625	0.64	0.42
2017	6626	0.50	0.40
2017	6627	0.59	0.44
2017	6628	0.57	0.47
2017	6629	0.76	0.42
2017	6630	0.42	0.44
2017	6631	0.80	0.505
2017	6632	0.54	0.43
2017	6633	0.20	0.36
2017	6634	0.27	0.32
2017	6635	0.31	0.41
2017	6636	0.77	0.46
2017	6637	0.58	0.40
2017	6638	0.28	0.39
2017	6639	0.80	0.46
2017	6640	0.59	0.44
2017	6641	0.63	0.40
2017	6642	0.20	0.31
2017	6643	0.78	0.50
2017	6644	0.79	0.455
2017	6645	0.46	0.38
2017	6611	0.80	0.51
2018	6607	0.80	0.48
2018	6604	0.80	0.50
2018	6605	0.80	0.43
2018	6611	0.80	0.51
2018	6602	0.20	0.33
2018	6608	0.27	0.39
2018	6610	0.27	0.33
2018	6606	0.38	0.41
2018	6603	0.80	0.51
2018	6609	0.70	0.43
2018	6601	0.80	0.50
2018	6612	0.26	0.34
2018	6613	0.76	0.46
2018	6614	0.55	0.44
2018	6615	0.80	0.46
2018	6616	0.20	0.29
2018	6617	0.20	0.29
2018	6618	0.80	0.47
2018	6619	0.28	0.35
2018	6620	0.80	0.48
2018	6622	0.20	0.25
2018	6621	0.28	0.455
2018	6623	0.41	0.44
2018	6624	0.80	0.46
2018	6625	0.57	0.42
2018	6626	0.59	0.42
2018	6627	0.75	0.44
2018	6628	0.60	0.47
2018	6629	0.66	0.42
2018	6630	0.39	0.44
2018	6631	0.80	0.505
2018	6632	0.59	0.43
2018	6633	0.20	0.36
2018	6634	0.29	0.32
2018	6635	0.32	0.41
2018	6636	0.73	0.46
2018	6637	0.48	0.40
2018	6638	0.27	0.39
2018	6639	0.75	0.46
2018	6640	0.60	0.44
2018	6641	0.53	0.40
2018	6642	0.20	0.31
2018	6643	0.79	0.50
2018	6644	0.75	0.455
2018	6645	0.47	0.38
2019	6607	0.80	0.48
2019	6604	0.80	0.50
2019	6605	0.80	0.43
2019	6611	0.80	0.51
2019	6602	0.20	0.32
2019	6608	0.27	0.40
2019	6610	0.26	0.33
2019	6606	0.39	0.41
2019	6603	0.80	0.51
2019	6609	0.65	0.43
2019	6601	0.80	0.50
2019	6612	0.21	0.34
2019	6613	0.75	0.46
2019	6614	0.50	0.44
2019	6615	0.80	0.46
2019	6616	0.20	0.29
2019	6617	0.20	0.29
2019	6618	0.80	0.47
2019	6619	0.28	0.35
2019	6620	0.80	0.48
2019	6622	0.20	0.25
2019	6621	0.28	0.4549
2019	6623	0.38	0.44
2019	6624	0.80	0.46
2019	6625	0.52	0.42
2019	6626	0.56	0.42
2019	6627	0.80	0.44
2019	6628	0.55	0.47
2019	6629	0.61	0.42
2019	6630	0.37	0.44
2019	6631	0.80	0.505
2019	6632	0.56	0.43
2019	6633	0.20	0.36
2019	6634	0.28	0.32
2019	6635	0.28	0.41
2019	6636	0.71	0.48
2019	6637	0.62	0.40
2019	6638	0.27	0.39
2019	6639	0.76	0.46
2019	6640	0.59	0.44
2019	6641	0.50	0.40
2019	6642	0.20	0.31
2019	6643	0.78	0.50
2019	6644	0.72	0.455
2019	6645	0.42	0.38
2020	6607	0.80	0.48
2020	6604	0.80	0.50
2020	6605	0.75	0.43
2020	6611	0.80	0.51
2020	6602	0.20	0.31
2020	6608	0.28	0.40
2020	6610	0.26	0.33
2020	6606	0.52	0.41
2020	6603	0.80	0.51
2020	6609	0.65	0.43
2020	6601	0.80	0.50
2020	6612	0.20	0.34
2020	6613	0.74	0.46
2020	6614	0.47	0.42
2020	6615	0.80	0.46
2020	6616	0.20	0.29
2020	6617	0.20	0.29
2020	6618	0.80	0.47
2020	6619	0.29	0.35
2020	6620	0.78	0.48
2020	6622	0.20	0.25
2020	6621	0.28	0.4549
2020	6623	0.40	0.44
2020	6624	0.79	0.46
2020	6625	0.53	0.42
2020	6626	0.52	0.42
2020	6627	0.80	0.44
2020	6628	0.50	0.47
2020	6629	0.57	0.42
2020	6630	0.38	0.44
2020	6631	0.80	0.505
2020	6632	0.63	0.43
2020	6633	0.20	0.36
2020	6634	0.25	0.32
2020	6635	0.28	0.40
2020	6636	0.70	0.48
2020	6637	0.57	0.40
2020	6638	0.27	0.39
2020	6639	0.71	0.46
2020	6640	0.63	0.44
2020	6641	0.53	0.40
2020	6642	0.20	0.29
2020	6643	0.80	0.50
2020	6644	0.71	0.455
2020	6645	0.41	0.38
2021	6607	0.80	0.48
2021	6604	0.80	0.50
2021	6605	0.72	0.43
2021	6611	0.80	0.51
2021	6602	0.20	0.31
2021	6608	0.28	0.40
2021	6610	0.27	0.33
2021	6606	0.47	0.41
2021	6603	0.80	0.51
2021	6609	0.74	0.43
2021	6601	0.80	0.50
2021	6612	0.20	0.34
2021	6613	0.76	0.46
2021	6614	0.42	0.42
2021	6615	0.80	0.46
2021	6616	0.20	0.29
2021	6617	0.20	0.27
2021	6618	0.80	0.47
2021	6619	0.29	0.35
2021	6620	0.77	0.48
2021	6622	0.20	0.25
2021	6621	0.28	0.4549
2021	6623	0.46	0.44
2021	6624	0.74	0.46
2021	6625	0.52	0.42
2021	6626	0.47	0.42
2021	6627	0.79	0.44
2021	6628	0.47	0.47
2021	6629	0.70	0.42
2021	6630	0.41	0.44
2021	6631	0.80	0.505
2021	6632	0.65	0.43
2021	6633	0.20	0.36
2021	6634	0.20	0.32
2021	6635	0.37	0.40
2021	6636	0.75	0.48
2021	6637	0.52	0.40
2021	6638	0.27	0.39
2021	6639	0.67	0.44
2021	6640	0.66	0.44
2021	6641	0.54	0.40
2021	6642	0.20	0.29
2021	6643	0.80	0.50
2021	6644	0.72	0.455
2021	6645	0.44	0.38
2022	6607	0.80	0.48
2022	6604	0.80	0.50
2022	6605	0.71	0.43
2022	6611	0.80	0.51
2022	6602	0.20	0.31
2022	6608	0.28	0.40
2022	6610	0.22	0.33
2022	6606	0.43	0.41
2022	6603	0.80	0.51
2022	6609	0.75	0.43
2022	6601	0.80	0.50
2022	6612	0.20	0.34
2022	6613	0.77	0.46
2022	6614	0.37	0.42
2022	6615	0.80	0.46
2022	6616	0.20	0.29
2022	6617	0.20	0.27
2022	6618	0.78	0.47
2022	6619	0.27	0.35
2022	6620	0.79	0.48
2022	6622	0.20	0.25
2022	6621	0.28	0.4549
2022	6623	0.43	0.44
2022	6624	0.69	0.46
2022	6625	0.49	0.42
2022	6626	0.42	0.42
2022	6627	0.74	0.44
2022	6628	0.50	0.47
2022	6629	0.73	0.42
2022	6630	0.42	0.44
2022	6631	0.80	0.505
2022	6632	0.61	0.43
2022	6633	0.20	0.36
2022	6634	0.20	0.32
2022	6635	0.37	0.40
2022	6636	0.77	0.48
2022	6637	0.47	0.39
2022	6638	0.28	0.39
2022	6639	0.71	0.44
2022	6640	0.70	0.44
2022	6641	0.51	0.40
2022	6642	0.20	0.29
2022	6643	0.80	0.50
2022	6644	0.75	0.455
2022	6645	0.45	0.38
